png 240 240 hw2flatnormals.png
xyz -4 4.5 6
xyz 0 1.9 0
lookat 1 2 0 -1 0
frustum -1.2 1.2 -1.2 1.2 2 40

color 1 1 1
sunlight 1 1 1

flatnormals

color 1 0 0

xyz 2.059589 -0.120011 1.729478
xyz 1.971019 0.009753 1.728207
xyz -1.375970 -0.055136 1.728559
xyz -1.231192 -0.119845 1.730695
xyz -1.241785 0.009786 1.727769
xyz -1.077645 0.009738 0.722000
xyz 1.835915 -0.120007 0.154737
xyz 1.922222 -0.120011 -1.272017
xyz 1.919022 0.009739 -1.245680
xyz 1.844347 0.009747 0.331324
xyz -1.115379 -0.119935 -1.271929
xyz 1.783665 -0.108156 -1.267745
xyz 1.912077 -0.120005 1.727038
xyz -1.078716 -0.120011 0.676816
xyz -1.152512 -0.120003 0.155155
xyz -1.037823 -0.120010 -0.443978
xyz 1.748259 -0.120011 0.631717
xyz 1.726926 -0.120011 -0.401948
xyz 1.722460 0.009741 -0.489466
xyz -1.160894 0.009748 0.331219
xyz -1.235626 0.009739 -1.245680
xyz -1.073776 0.009739 0.590430
xyz -1.031221 0.009739 -0.356732
xyz 1.719687 0.009739 -0.357261
xyz 1.755625 0.009739 0.590325
xyz 1.755309 0.009740 0.722624
xyz -1.042299 0.009740 -0.489199
xyz -1.238044 0.957970 -1.099892
xyz -0.959060 1.045656 -1.092725
xyz -1.146739 -1.307439 -1.793383
xyz -1.151728 -1.308440 -1.513768
xyz -1.053556 0.004271 -1.244851
xyz -0.939289 2.206931 -1.097288
xyz -1.419805 -1.305147 -1.510895
xyz -1.423864 -1.307966 -1.793489
xyz -1.213544 2.216998 -1.087643
xyz -1.213554 2.684492 -1.156983
xyz -0.938903 2.685133 -1.157195
xyz -1.213788 2.635520 -1.435462
xyz -0.937177 2.305368 -1.381008
xyz -1.236550 0.919828 -1.371365
xyz -0.982110 0.594888 -1.421235
xyz 1.642444 1.045710 -1.092721
xyz 1.921489 0.958241 -1.099870
xyz 1.622483 2.208764 -1.093583
xyz 1.837195 -1.308509 -1.793602
xyz 1.836855 -1.308492 -1.513778
xyz 1.726059 -0.245816 -1.297119
xyz 2.107216 -1.307420 -1.793379
xyz 2.103394 -1.306821 -1.511233
xyz 1.897208 2.208136 -1.092214
xyz 1.920022 0.919727 -1.371385
xyz 1.897114 2.656605 -1.437881
xyz 1.620682 2.279650 -1.379464
xyz 1.668310 0.430462 -1.441208
xyz 1.896940 2.684481 -1.156944
xyz 0.414923 2.231052 -1.283429
xyz -1.258543 2.231052 1.969495
xyz -1.340828 2.231055 1.953280
xyz 2.114941 2.231052 1.796495
xyz 1.941938 2.231052 1.969495
xyz 2.067305 2.231073 1.930946
xyz -1.438955 2.231056 1.796130
xyz 0.268473 2.670470 -1.283429
xyz 1.622271 2.684901 -1.156774
xyz 2.114197 2.670469 1.847869
xyz 1.751626 2.663665 0.125302
xyz -1.319984 2.675035 1.966551
xyz -1.432814 2.670469 1.829601
xyz 0.341712 2.671141 1.969496
xyz 0.342784 2.549376 0.496447
xyz 0.707730 2.555803 1.969192
xyz 1.985085 2.674397 1.968814
xyz 1.499716 2.556180 1.969495
xyz -0.819959 2.556409 1.969495
xyz -0.008602 2.556409 1.969132
xyz -1.034896 2.657689 0.140162
xyz -0.669225 2.663683 -0.625758
xyz 0.350890 2.660841 -0.994391
xyz 1.342606 2.663454 -0.626024
xyz 0.855375 2.556169 -0.419233
xyz 1.334060 2.558154 0.179674
xyz -0.683199 2.565583 0.163321
xyz -0.101989 2.552481 -0.449899
xyz -0.938934 3.302131 -1.450995
xyz -0.938924 3.142427 -1.369028
xyz -0.938934 3.321906 -1.365341
xyz 1.879727 5.544535 -2.068582
xyz 1.872939 5.659342 -1.814523
xyz 1.525071 5.981385 -2.222946
xyz 0.341698 5.789899 -2.133566
xyz 0.231752 5.787275 -2.132960
xyz 0.231752 5.812742 -2.067820
xyz 0.341698 5.815367 -2.068426
xyz -0.209303 5.783448 -2.113380
xyz 0.268550 5.741129 -2.257451
xyz 0.011876 5.797214 -2.092900
xyz 0.272139 5.841134 -2.001703
xyz -0.205674 5.808966 -2.048349
xyz 0.451462 5.812747 -2.067821
xyz 0.451462 5.787278 -2.132961
xyz 1.235602 5.749918 -2.176806
xyz 0.892699 5.783448 -2.113380
xyz 0.671520 5.797214 -2.092896
xyz 0.889151 5.808966 -2.048349
xyz 0.488690 5.996372 -2.357844
xyz 1.437515 6.095565 -1.982899
xyz 0.406523 6.097621 -2.101448
xyz -0.690590 5.838859 -1.891817
xyz -0.705577 5.740859 -2.147659
xyz -0.932225 5.523040 -1.781077
xyz -0.930445 5.465292 -2.049788
xyz -0.603938 6.105792 -2.013311
xyz -0.966572 5.957968 -1.915881
xyz -1.195288 5.615289 -1.803794
xyz -1.193669 5.571249 -2.074939
xyz -0.788582 5.998180 -2.240363
xyz 1.466610 5.683043 -2.121591
xyz 1.360341 5.842424 -1.896054
xyz 1.614986 5.457003 -2.047503
xyz 1.614697 5.531477 -1.783134
xyz 1.622319 3.144172 -1.369430
xyz 1.622329 3.323625 -1.365738
xyz 1.622329 3.303850 -1.451392
xyz 0.451462 3.362114 -1.502047
xyz 0.231752 3.361966 -1.502014
xyz 0.341607 3.347378 -1.569369
xyz 0.013978 3.360863 -1.489930
xyz -0.207854 3.350099 -1.519977
xyz 0.889181 3.357591 -1.474574
xyz 0.892699 3.338932 -1.549019
xyz 0.669421 3.361042 -1.490377
xyz 0.010682 3.343135 -1.567847
xyz 0.673334 3.344175 -1.562031
xyz 0.595659 3.343460 -1.573287
xyz 1.108252 3.330373 -1.533024
xyz 0.341666 3.181638 -1.567389
xyz 0.341637 3.205610 -1.484474
xyz 1.943756 2.230970 1.984172
xyz 2.072445 -1.308578 1.975810
xyz 2.123861 2.230909 1.797593
xyz 2.116888 -1.308523 1.926452
xyz 1.878798 -1.308517 1.969495
xyz 2.114941 -1.308517 1.746325
xyz 1.878798 -1.308517 1.746325
xyz 1.878798 2.231052 1.696155
xyz 1.878798 2.231052 1.969495
xyz -1.431546 -1.308517 1.746325
xyz -1.438658 -1.308817 1.927995
xyz -1.388308 -1.308516 1.969618
xyz -1.195403 -1.308517 1.969495
xyz -1.195403 -1.308517 1.746325
xyz -1.258834 2.231038 1.972387
xyz -1.413120 2.231112 1.888782
xyz -1.431546 0.682490 1.853261
xyz -1.195403 2.231052 1.969495
xyz -1.195403 2.231052 1.696155
xyz 2.114941 2.231052 1.696155

trif -54 -56 -40 
trif -155 -153 -154 
trif -109 -111 -112 
trif -116 -111 -147 
trif -92 -77 -85 
trif -102 -95 -94 
trif -141 -142 -135 
trif -141 -135 -136 
trif -127 -132 -148 
trif -127 -130 -131 
trif -127 -129 -117 
trif -144 -139 -138 
trif -131 -125 -138 
trif -119 -118 -120 
trif -123 -131 -130 
trif -119 -120 -43 
trif -109 -112 -113 
trif -113 -104 -110 
trif -116 -115 -108 
trif -95 -102 -126 
trif -90 -122 -123 
trif -140 -147 -141 
trif -106 -107 -105 
trif -89 -88 -83 
trif -119 -74 -73 
trif -84 -75 -76 
trif -82 -91 -84 
trif -78 -79 -80 
trif -79 -77 -92 
trif -75 -80 -81 
trif -92 -85 -86 
trif -74 -30 -22 
trif -91 -96 -100 
trif -96 -91 -90 
trif -103 -70 -38 
trif -41 -69 -71 
trif -63 -68 -67 
trif -63 -64 -49 
trif -51 -53 -42 
trif -57 -53 -69 
trif -33 -66 -67 
trif -53 -57 -63 
trif -52 -51 -40 
trif -34 -32 -58 
trif -63 -49 -42 
trif -61 -51 -46 
trif -49 -43 -42 
trif -48 -50 -45 
trif -72 -73 -21 
trif -43 -120 -122 
trif -44 -45 -43 
trif -42 -43 -45 
trif -47 -49 -50 
trif -38 -40 -41 
trif -35 -36 -38 
trif -14 -15 -1 
trif -71 -69 -70 
trif -106 -71 -70 
trif -21 -37 -36 
trif -106 -105 -39 
trif -31 -26 -62 
trif -30 -60 -64 
trif -29 -28 -56 
trif -34 -59 -66 
trif -33 -31 -34 
trif -24 -32 -34 
trif -26 -31 -33 
trif -60 -30 -31 
trif -54 -55 -27 
trif -29 -27 -21 
trif -21 -27 -31 
trif -22 -23 -35 
trif -61 -65 -59 
trif -10 -7 -8 
trif -100 -6 -9 
trif -5 -100 -10 
trif -126 -130 -119 
trif -130 -127 -117 
trif -123 -120 -118 
trif -136 -135 -140 
trif -104 -111 -116 
trif -108 -115 -107 
trif -105 -116 -114 
trif -26 -30 -64 
trif -35 -23 -29 
trif -96 -11 -7 
trif -15 -1 -99 
trif -12 -16 -14 
trif -4 -96 -5 
trif -101 -9 -8 
trif -3 -8 -7 
trif -150 -149 -152 
trif -150 -109 -115 
trif -149 -157 -158 
trif -157 -133 -146 
trif -133 -134 -137 
trif -13 -2 -123 
trif -25 -24 -27 
trif -55 -25 -27 
trif -28 -23 -25 
trif -25 -55 -56 
trif -25 -23 -24 
trif -143 -144 -148 
trif -145 -144 -143 
trif -152 -158 -146 
trif -144 -155 -156 
trif -155 -144 -145 
trif -152 -146 -142 
trif -119 -121 -126 
trif -147 -152 -141 
trif -142 -141 -152 
trif -147 -150 -115 
trif -151 -109 -150 
trif -134 -135 -142 
trif -111 -109 -151 
trif -148 -138 -125 
trif -104 -113 -112 
trif -39 -105 -35 
trif -37 -105 -94 
trif -36 -94 -38 
trif -136 -132 -139 
trif -145 -136 -137 
trif -137 -134 -142 
trif -150 -147 -140 
trif -121 -72 -48 
trif -118 -119 -117 
trif -107 -110 -104 
trif -108 -103 -1 
trif -48 -72 -74 
trif -106 -103 -108 
trif -154 -153 -139 
trif -60 -50 -64 
trif -49 -64 -50 
trif -77 -87 -85 
trif -77 -88 -87 
trif -83 -88 -75 
trif -124 -129 -128 
trif -77 -78 -88 
trif -119 -73 -121 
trif -101 -98 -83 
trif -75 -88 -78 
trif -143 -132 -140 
trif -119 -47 -74 
trif -81 -95 -121 
trif -98 -86 -85 
trif -91 -101 -84 
trif -79 -92 -103 
trif -85 -87 -98 
trif -84 -101 -83 
trif -98 -12 -16 
trif -114 -108 -1 
trif -122 -121 -48 
trif -60 -61 -50 
trif -66 -65 -61 
trif -63 -67 -62 
trif -51 -52 -53 
trif -83 -87 -89 
trif -32 -24 -26 
trif -93 -92 -86 
trif -91 -122 -90 
trif -103 -92 -93 
trif -121 -122 -81 
trif -82 -122 -91 
trif -81 -122 -82 
trif -79 -103 -94 
trif -95 -80 -79 
trif -31 -27 -34 
trif -30 -26 -22 
trif -58 -68 -63 
trif -40 -61 -55 
trif -61 -59 -55 
trif -59 -58 -55 
trif -57 -56 -55 
trif -129 -124 -118 
trif -7 -10 -11 
trif -98 -87 -83 
trif -17 -19 -16 
trif -17 -14 -15 
trif -133 -153 -145 
trif -156 -154 -139 
trif -137 -136 -139 
trif -75 -84 -83 
trif -149 -140 -135 
trif -139 -132 -138 
trif -40 -56 -57 
trif -157 -149 -133 
trif -149 -150 -140 
trif -132 -127 -138 
trif -135 -134 -149 
trif -151 -152 -147 
trif -134 -133 -149 
trif -96 -123 -2 
trif -126 -102 -123 
trif -102 -114 -1 
trif -2 -13 -12 
trif -153 -137 -139 
trif -123 -102 -1 
trif -101 -3 -98 
trif -98 -3 -12 
trif -23 -24 -25 
trif -82 -76 -81 
trif -114 -102 -94 
trif -143 -141 -136 
trif -138 -127 -131 
trif -148 -144 -138 
trif -124 -125 -118 
trif -126 -123 -130 
trif -127 -128 -129 
trif -47 -119 -43 
trif -110 -109 -113 
trif -148 -132 -143 
trif -114 -116 -108 
trif -121 -95 -126 
trif -110 -107 -109 
trif -103 -93 -1 
trif -96 -90 -123 
trif -78 -77 -79 
trif -73 -74 -22 
trif -75 -81 -76 
trif -76 -82 -84 
trif -99 -1 -93 
trif -87 -88 -89 
trif -99 -93 -97 
trif -86 -97 -93 
trif -94 -103 -38 
trif -39 -41 -71 
trif -38 -70 -40 
trif -41 -57 -69 
trif -46 -51 -42 
trif -32 -33 -67 
trif -59 -34 -58 
trif -53 -63 -42 
trif -47 -43 -49 
trif -46 -45 -50 
trif -44 -48 -45 
trif -30 -72 -21 
trif -45 -46 -42 
trif -44 -43 -122 
trif -41 -40 -57 
trif -48 -47 -50 
trif -39 -38 -41 
trif -39 -35 -38 
trif -13 -14 -1 
trif -52 -70 -69 
trif -103 -106 -70 
trif -29 -21 -36 
trif -105 -107 -104 
trif -95 -79 -94 
trif -71 -106 -39 
trif -50 -61 -46 
trif -54 -29 -56 
trif -33 -34 -66 
trif -27 -24 -34 
trif -32 -26 -33 
trif -62 -60 -31 
trif -24 -22 -26 
trif -29 -54 -27 
trif -24 -23 -22 
trif -31 -30 -21 
trif -37 -22 -35 
trif -19 -97 -20 
trif -19 -17 -97 
trif -17 -18 -97 
trif -155 -145 -153 
trif -9 -10 -8 
trif -69 -53 -52 
trif -10 -100 -9 
trif -10 -4 -5 
trif -119 -130 -117 
trif -131 -123 -118 
trif -132 -136 -140 
trif -109 -107 -115 
trif -125 -131 -118 
trif -105 -104 -116 
trif -106 -108 -107 
trif -22 -21 -73 
trif -58 -32 -67 
trif -62 -26 -64 
trif -36 -35 -29 
trif -72 -30 -74 
trif -2 -96 -7 
trif -70 -52 -40 
trif -17 -15 -99 
trif -13 -12 -14 
trif -3 -101 -8 
trif -2 -3 -7 
trif -144 -156 -139 
trif -151 -150 -152 
trif -152 -149 -158 
trif -146 -133 -142 
trif -153 -133 -137 
trif -1 -13 -123 
trif -28 -25 -56 
trif -78 -80 -75 
trif -158 -157 -146 
trif -116 -147 -115 
trif -143 -136 -145 
trif -127 -125 -128 
trif -147 -111 -151 
trif -122 -120 -123 
trif -111 -104 -112 
trif -125 -127 -148 
trif -36 -37 -94 
trif -94 -105 -114 
trif -145 -137 -142 
trif -58 -63 -55 
trif -72 -121 -73 
trif -47 -48 -74 
trif -35 -105 -37 
trif -125 -124 -128 
trif -141 -143 -140 
trif -101 -91 -100 
trif -19 -98 -16 
trif -98 -97 -86 
trif -44 -122 -48 
trif -64 -63 -62 
trif -60 -62 -61 
trif -66 -61 -62 
trif -67 -66 -62 
trif -80 -95 -81 
trif -54 -40 -55 
trif -63 -57 -55 
trif -40 -51 -61 
trif -117 -129 -118 
trif -22 -37 -21 
trif -14 -17 -16 
trif -10 -11 -96 
trif -142 -133 -145 
trif -3 -2 -12 
trif -28 -29 -23 

